1
1
1
1
1
1
1
1
1
1
1
1
1
1
1
1
1
1
1
1
1
1
1
1
1
1
1
1
1
1
1
1
1
1
1
1
1
1
1
1
1
18
14
14
19
1
1
1
1
1
1
1
1
1
1
1
1
1
1
1
1
13
0
0
15
1
1
1
1
1
1
1
1
1
1
1
1
1
1
1
1
13
0
0
15
1
1
1
1
1
1
1
1
1
1
1
1
1
1
1
1
17
12
12
16
1
1
1
1
1
1
1
1
1
1
1
4
2
2
2
1
1
1
1
1
1
1
1
1
1
1
1
1
1
1
1
3
1
1
1
1
18
14
14
19
1
1
1
1
1
1
1
1
1
1
1
3
1
1
1
1
13
0
0
15
1
1
1
1
1
1
1
1
1
1
1
3
1
1
1
2
2
2
2
2
2
2
2
2
2
2
2
2
2
2
2
6
1
1
1
1
1
1
1
1
1
1
1
1
1
1
1
1
1
1
1
1
1
1
1
1
1
1
1
1
1
1
1
1
1
1
1
1
1
1
1
1
1
1
1
1
1
1
1
1
1
1
1
1
1
1
1
1
1
1
1
1
1
1
1
1
1
1
1
1
1
1
1
1
1
1
1
1
1
1
1
1
1
1
1
1
1
1
1
1
1
1
1
1
1
1
1
1
1
1
1
1
1
1
1
1
1
1
1
1
1
1
1
1
1
1
1
1
1
1
1
1
1
1
1
1
1
1
1
1
1
1
1
1
1
1
1
1
1
1
1
1
1
1
1
1
1
1
1
1
1
1
1
1
1
1
1
1
1
1
1
1
1
1
1
1
1
1
1
1
1
1
1
1
1
1
1
1
1
1
1
1
1
1
1
1
1
1
1
1
1
1
1
1
1
1
1
1
1
1
1
1
1
1
1
0
288
608
160
